image_width: 1280
image_height: 1024
sensor_far:
  camera_name: changjiao
  camera_matrix:
    zerozero: 1989.637418
    zerotwo: 607.202562
    oneone: 1960.554704
    onetwo: 573.485606
    twotwo: 1.0
  distortion_coefficient:
    zero: -0.073204
    one: -0.189477
    two: 0.003532
    three: -0.010221
    four: 0.000000
  uni_matrix:
    zerozero: 0.12242
    zeroone: -0.990317
    zerotwo: 0.0654629
    zerothree: 0.160295
    onezero: 0.0719756
    oneone: -0.0569266
    onetwo: -0.995781
    onethree: -0.0648108
    twozero: 0.989865
    twoone: 0.126615
    twotwo: 0.0643097
    twothree: 0.725321
sensor_close:
  camera_name: guangjiao
  camera_matrix:
    zerozero: 981.865515
    zerotwo: 683.028547
    oneone: 969.745040
    onetwo: 545.074936
    twotwo: 1.0
  distortion_coefficient:
    zero: -0.102558
    one: 0.098859
    two: 0.001403
    three: -0.000781
    four: 0.000000
  uni_matrix:
    zerozero: -0.0648606
    zeroone: -0.997816
    zerotwo: 0.012469
    zerothree: -1.45004
    onezero: 0.0132083
    oneone: -0.0133527
    onetwo: -0.999824
    onethree: -1.51379
    twozero: 0.997807
    twoone: -0.0646845
    twotwo: 0.0140456
    twothree: 9.13691