if_red: False
is_record: False
ifshow: True
fps_mode: 0
exp_time: 29000

sensor_far:
  deviceID: 0
  rows: 1200
  cols: 1600
  fps: 400
  cx: 856.0181
  cy: 677.7472
  fx: 1770.0599
  fy: 1780.9150
  distcoef1: -0.0543
  distcoef2: -0.76375
  distcoef3: -0.005395
  distcoef4: 0.00523
  distcoef5: 5.0340
  extrinsrcMatrix:
    data00: 123
    data01: 123
    data02: 123
    data03: 213
    data10: 123
    data11: 123
    data12: 123
    data13: 213
    data20: 123
    data21: 123
    data22: 123
    data23: 213

sensor_close:
  deviceID: 1
  cx: 856.0181
  cy: 677.7472
  fx: 1770.0599
  fy: 1780.9150
  distcoef1: -0.0543
  distcoef2: -0.76375
  distcoef3: -0.005395
  distcoef4: 0.00523
  distcoef5: 5.0340
  extrinsrcMatrix:
    data00: 123
    data01: 123
    data02: 123
    data03: 213
    data10: 123
    data11: 123
    data12: 123
    data13: 213
    data20: 123
    data21: 123
    data22: 123
    data23: 213




#llj:change paramaters in this file, don't need to cmake again
#bglbannery
